time,x,y,z,phi,theta,psi,x_velocity,y_velocity,z_velocity,phi_velocity,theta_velocity,psi_velocity,rotor_speed1,rotor_speed2,rotor_speed3,rotor_speed4
0.06,7.82154237217e-08,1.15952556285e-07,10.002016189,0.000132658349811,6.2829094903,0.0,1.3959390619e-05,1.06306818868e-05,0.0672040995945,0.00630223027485,-0.0158973374111,0.0,427.515517396439,426.15914448081645,425.6277436032827,426.1666289543282
0.12000000000000001,1.18425935812e-05,5.54310309916e-06,10.0123154899,0.000432307542058,6.2817023206,0.0,0.000503784534163,0.000210467793048,0.276077940607,0.00224036869247,-0.0302889484967,0.0,470.21126630215036,469.0952621565387,470.88726635333944,470.5729126542699
0.18,7.91124084305e-05,2.79326304477e-05,10.0316499627,2.99967179282e-05,6.28002280481,0.0,0.00191450050884,0.000536127276294,0.368378254689,-0.0382753003469,-0.0237544224386,0.0,434.3695172874415,434.9168409618274,436.14363742134225,432.7470933148867
0.23999999999999996,0.000257773724125,5.27823216924e-05,10.0547939159,6.28101134867,6.27888826855,0.0,0.00415769741949,8.4570818541e-05,0.403074373345,-0.0338137526724,-0.0106498022885,0.0,414.7772801250378,415.9263796206683,416.08921031518645,416.4788265908849
0.3,0.000602201326505,3.42161471912e-06,10.0828067519,6.27929120303,6.27802364033,0.0,0.00740134755,-0.00192696763268,0.53063473004,-0.0199768296729,-0.0232557121758,0.0,446.19123223451436,445.16116096146357,445.2642815138769,446.39439080851565
0.36000000000000004,0.00118784443705,-0.000219755230897,10.1231093946,6.27805033009,6.27665117219,0.0,0.0122976765603,-0.00566884610001,0.812627505797,-0.0221284443809,-0.0221227582345,0.0,491.862588721237,491.94648978682335,491.3811005578208,491.2216546981659
0.4200000000000001,0.00208249563605,-0.000681739045653,10.1775035312,6.27847152954,6.27606417793,0.0,0.0176246714168,-0.00974894536353,1.00036392253,0.0365874674806,0.00755552715964,0.0,463.4190456546014,465.74579764713127,462.31619034571753,466.91898694102326
0.48000000000000015,0.00335969299902,-0.00140058543717,10.2510758226,6.28098625892,6.276201715,0.0,0.0248953277632,-0.0138454228008,1.45158818814,0.0508612109259,-0.0111514197205,0.0,538.7366475203497,537.4704248474195,537.2805083772374,538.2478504296681
0.5400000000000001,0.00500232406718,-0.00226464813487,10.3414623396,0.00152121598198,6.27550176142,0.0,0.0299287670252,-0.0145999268873,1.56115217999,0.078099881123,-0.0127152056181,0.0,441.3331145937809,441.2041575446051,441.63251189340366,443.8759338693444
0.6000000000000002,0.00698012509128,-0.00308513852115,10.4407615461,0.00598439853223,6.27487253586,0.0,0.0360754262544,-0.0122232353458,1.74855163067,0.0656782187984,-0.00636672261143,0.0,465.02638728845005,465.5234993182131,467.5229834224368,466.5582309331646
0.6600000000000003,0.00933811956818,-0.00366357084147,10.5511098028,0.00984668494884,6.27460987828,0.0,0.0425583670831,-0.0066150564687,1.92943262376,0.0616220733406,-0.000669690508034,0.0,463.9816512467253,464.4287521693449,465.51919054299026,465.2045444216618
0.7200000000000003,0.0120894172933,-0.00381726426446,10.6722647422,0.013949847171,6.27456958991,0.0,0.0491533895096,0.00193510934025,2.10874715008,0.0793028999358,-0.000675038509142,0.0,464.08771169976876,464.08730717100997,465.07667229722927,466.4625755914797
0.7800000000000004,0.015265224719,-0.00331169444905,10.8074006292,0.018428066771,6.27422904049,0.0,0.0567233524283,0.0155101246277,2.39521842745,0.0631320727717,-0.0182526658213,0.0,497.720019467292,496.43205839552974,496.7459590899957,495.5624504817842
0.8400000000000004,0.0188731583156,-0.00195388717979,10.9557862054,0.0222416240066,6.27311058887,0.0,0.0636599539715,0.0301624808285,2.55062410676,0.0643999224749,-0.0194287194046,0.0,459.5053371957928,459.4121675584878,459.6698382938039,459.7730900351981
0.9000000000000005,0.0229541486085,0.000439439861038,11.1165676401,0.0263893769369,6.27196485093,0.0,0.0725116717867,0.0501048725995,2.80814729921,0.0772148919661,-0.0184376891244,0.0,490.86743864656995,490.9410585093342,489.13925726591896,490.0957404648554
0.9600000000000005,0.0275674359197,0.00407390128707,11.2904447116,0.0311327952987,6.2714005994,0.0,0.0813494270563,0.0715647004669,2.98728751989,0.0825057167165,0.00433947392602,0.0,468.236429440424,470.0051280922869,468.08397081433117,468.500166169831
1.0200000000000005,0.0326914287302,0.00903297694336,11.472737385,0.0368919636777,6.27179289602,0.0,0.0894132997533,0.0942851454872,3.08884647732,0.114435404637,0.010608525457,0.0,446.17011088897925,446.6815460699795,444.3072567058496,446.92475781891955
1.0800000000000005,0.0382869718458,0.0154734353833,11.6609267838,0.0437820370432,6.27293922282,0.0,0.0970073894437,0.121083160681,3.18384517937,0.115620421367,0.032209860979,0.0,443.6701978692848,445.4402058852267,444.5694080946371,444.6782576696963
1.1400000000000006,0.044311495323,0.0236694012605,11.8549285739,0.0512709557782,6.2745449095,0.0,0.103623451996,0.152841816117,3.28256729877,0.138736596131,0.0126917361099,0.0,447.31791962707337,445.7257672317961,445.27792159132406,447.17876213135446
1.2000000000000006,0.0506755043002,0.0337524044374,12.0514881235,0.0593760581543,6.27543392718,0.0,0.108439499465,0.183961507335,3.26941363862,0.12655421285,0.0187603383868,0.0,410.4879620574012,411.0260781191621,410.97159665757965,409.9087463303876
1.2600000000000007,0.0573303519039,0.045990226088,12.2497053683,0.0674978005262,6.27675877715,0.0,0.113266829283,0.224721914718,3.33757792766,0.148827972137,0.0280084577679,0.0,437.1552568853772,437.92524733677857,436.37135034354367,438.24367199869687
1.3200000000000007,0.0642167786904,0.0604993511829,12.4471093953,0.0766928626326,6.27842807883,0.0,0.116159118765,0.259598333083,3.24277703979,0.160877047401,0.0274455895324,0.0,382.5247269619265,382.4714543556285,381.7166143065928,382.89096201153944
1.3800000000000008,0.0712806708192,0.0777453631387,12.6452492292,0.0867555554226,6.27965393251,0.0,0.119144663704,0.31627607117,3.3614484082,0.178712963825,0.000230655052459,0.0,455.61349851023107,453.4323558801716,451.5984929890739,453.06097988246796
1.4400000000000008,0.0785222722139,0.0990956679618,12.8559587066,0.0974494232375,6.28032736148,0.0,0.122185335027,0.39672567676,3.66114424966,0.17725110499,0.0271650110686,0.0,506.30104019189224,508.23512895341975,507.0522373465527,506.97356158889625
1.5000000000000009,0.0859064753694,0.124982055105,13.07885062,0.108196625684,6.28201046192,0.0,0.123781933559,0.467218136374,3.76810592365,0.182612960459,0.0297682562543,0.0,453.1939350485928,453.40333013653947,452.3402872285524,452.8021987185719
1.560000000000001,0.0933480496743,0.154993852477,13.305158525,0.118721868372,0.000486766689757,0.0,0.124116725394,0.534122840789,3.77533387888,0.154457389076,0.023183437384,0.0,422.20781505881473,421.63950884281815,423.1775872563037,420.7775632329253
1.620000000000001,0.100779890002,0.189398116387,13.533492778,0.128527644713,0.0016420681048,0.0,0.123486580672,0.613576710357,3.83546149553,0.177086369087,0.00993651505162,0.0,440.19550189563125,439.0978256404578,438.55267163939845,440.4536708314354
1.680000000000001,0.108151114789,0.228980027355,13.7670516554,0.13935933775,0.00225236568712,0.0,0.122158314393,0.706878525988,3.94925545761,0.186641444582,0.0106377533526,0.0,456.90914436519296,456.9649225599811,457.0835393743914,457.87480898929226
1.740000000000001,0.115422634284,0.274789697675,14.0102149052,0.150204649565,0.00302044955051,0.0,0.120143559496,0.821296827464,4.1552132879,0.165158079592,0.0168110505514,0.0,485.7406109456967,486.20323363007327,486.8162662521326,485.2341565045554
1.8000000000000012,0.122579658513,0.326465511278,14.257530005,0.160258790229,0.0041106926598,0.0,0.118340902014,0.902027801538,4.08869186948,0.171994939945,0.0207599123586,0.0,400.8554412795752,401.2141427772161,401.0647356351508,401.7153802665535
1.8600000000000012,0.1295904396,0.383887448575,14.5053817036,0.170396679849,0.00490395119235,0.0,0.115242778637,1.01298916463,4.17248759605,0.162097595519,-0.00947458332458,0.0,451.628231320902,449.1827407219833,452.1048687812141,451.33343010167374
1.9200000000000013,0.136414070629,0.447886901388,14.756606231,0.18061651309,0.00406268611779,0.0,0.112276336894,1.12120181213,4.20131777001,0.183100583577,-0.0251653428737,0.0,434.9596182926731,433.643514416677,434.05787100333185,435.84513883670536
1.9800000000000013,0.143074821949,0.518748080426,15.0104872289,0.19159146149,0.00284286319487,0.0,0.109882207943,1.24182407164,4.26086927624,0.182544244235,-0.0120866909827,0.0,443.6107316096449,444.6834822637694,446.5530875374135,446.53992409319204
2.0400000000000014,0.149618149492,0.596726238465,15.2662095944,0.202260103257,0.00221649605956,0.0,0.108289334567,1.35836281377,4.26291322818,0.166108905352,-0.00733327506668,0.0,426.9915861823119,427.3970734064318,428.91194161367383,427.5452772507156
2.1000000000000014,0.156073481202,0.682163418978,15.5233860464,0.211745784776,0.0015913760149,0.0,0.106939516082,1.49039025493,4.30915027567,0.132910181294,-0.017440785973,0.0,443.97915287178097,443.14912316938893,443.52476180271435,440.8124344449059
2.1600000000000015,0.162453117569,0.777032235126,15.789489525,0.219319977487,0.000679461222656,0.0,0.105840871725,1.67260859248,4.5596184886,0.107544484008,-0.0110542146131,0.0,505.08938933628855,505.54994102827754,506.56883385362744,504.7534549319283
2.2200000000000015,0.168790492311,0.882164301938,16.0667931747,0.225839006064,0.000356502627734,0.0,0.105456672897,1.83230278868,4.68302361396,0.110773687352,0.00405782714753,0.0,470.55509924299815,471.7237250503525,470.35952019003383,470.619240051818
2.2800000000000016,0.175109433953,0.99643655909,16.3489725179,0.233297066869,0.000833256181523,0.0,0.105139505903,1.97733183638,4.72248058911,0.142791629515,0.014766567675,0.0,447.04198151145283,447.91373669193047,443.67829647944325,446.31300029880686
2.3400000000000016,0.18139990451,1.11909454757,16.63158016,0.24154725657,0.00181161116972,0.0,0.104462561771,2.11192614473,4.69755123686,0.123996553579,0.0192192354096,0.0,426.1364950040091,426.51692866712403,426.639163590178,425.04933431250856
2.4000000000000017,0.187625332529,1.25069336103,16.9156297325,0.249292193864,0.00331984082925,0.0,0.102916293894,2.2752817837,4.77008500329,0.137683143594,0.0349179774192,0.0,457.5376414450691,458.7860445069667,458.0219593664826,459.1238687973093
2.4600000000000017,0.193715663649,1.39280119957,17.2061738718,0.258128626168,0.00513926184258,0.0,0.099876428923,2.46231437552,4.91362461417,0.161649566532,0.0190344565603,0.0,482.37041023979634,481.16950960055067,480.6637116845061,482.494876335242
2.520000000000002,0.199622057981,1.54459706562,17.4987952401,0.267807934665,0.006265413229,0.0,0.0969130364306,2.5982735964,4.84034862816,0.160659006446,0.018233349756,0.0,413.9325023123024,413.8619591178781,413.9268752590983,413.8665374511775
2.580000000000002,0.205307240914,1.70574485755,17.7907973453,0.277744750352,0.00719652133376,0.0,0.0924960976073,2.77406196454,4.89231492136,0.174022339721,0.00944537575459,0.0,456.36003313163786,455.6578227249095,455.37057129483225,456.46372374727855
2.640000000000002,0.210715980106,1.87739698473,18.085078919,0.288197394454,0.00834794392986,0.0,0.0877125264571,2.94845569159,4.91641967299,0.174584346759,0.0337547997595,0.0,446.72129542116096,448.69947486572096,449.49818608698905,449.5725491869256
2.700000000000002,0.215758004113,2.06138409379,18.3864174902,0.29846533278,0.0112995858046,0.0,0.0800471274157,3.18521145518,5.12650338998,0.163149401005,0.0694483492184,0.0,505.8167558295634,508.382126124087,507.22072671428526,506.42279698792544
2.760000000000002,0.220314003933,2.25843082995,18.6958470085,0.308187448944,0.0153403479814,0.0,0.0714140634875,3.38368018946,5.18689644759,0.159711610241,0.0627722247844,0.0,465.99369160201206,465.47458981946903,464.75334689021037,464.50750590476525
2.820000000000002,0.224345266674,2.46614149878,19.0044173062,0.31782913926,0.0193344255301,0.0,0.0626564723985,3.54067575997,5.09867636671,0.162589689897,0.0732423934867,0.0,416.57002075799903,417.48836780438836,418.0775198832946,418.3545722123345
2.880000000000002,0.227705376896,2.68466220126,19.3114643856,0.327643616374,0.0232698671237,0.0,0.0489453255705,3.74397538094,5.13537298135,0.165472596671,0.0423377112487,0.0,461.6970083053995,459.2545622501897,459.3729871785767,459.6261072201622
2.940000000000002,0.230324403655,2.91346249504,19.614558806,0.337108543452,0.0263757125438,0.0,0.0381545104996,3.88337904549,4.96807104433,0.134154923727,0.0659607537346,0.0,390.12098444642453,392.32312147786473,391.9063590139864,389.01034198932706
3.000000000000002,0.232023923922,3.15351113911,19.9155049452,0.34500275337,0.0302427217141,0.0,0.0181034962394,4.11861206741,5.06230301924,0.125828917545,0.0612451362916,0.0,479.9654618280852,479.6100793509429,479.70431458885247,479.0860218223004
3.0600000000000023,0.232390695703,3.40832420817,20.223479982,0.352777980686,0.0336684471405,0.0,-0.00624584471313,4.3754209062,5.20206085944,0.136199942509,0.047142389672,0.0,495.87904170087364,494.843634804077,496.0978195240667,496.8722539997272
3.1200000000000023,0.231409034919,3.67677887896,20.5346128895,0.360583264801,0.0366010572484,0.0,-0.026716887954,4.57348666081,5.16854255376,0.113638255684,0.0521367281323,0.0,443.8552505833946,444.266508759932,444.57060416468727,442.73291772640096
3.1800000000000024,0.229104368132,3.95761568601,20.84475524,0.367609090082,0.0394993353436,0.0,-0.0503663025297,4.7880062907,5.1688621771,0.123240358326,0.0392619578417,0.0,456.37154458646603,455.34385050833737,456.180124790974,456.95822774671717
3.2400000000000024,0.225529321914,4.24960892302,21.150199693,0.374728128887,0.0418823657327,0.0,-0.0689788377818,4.94555314803,5.01286955475,0.107387003281,0.040612171926,0.0,402.8667884284764,402.98986542618064,403.72292152515445,402.30367235608185
3.3000000000000025,0.220606624694,4.55282560745,21.4506052103,0.381116024848,0.0445567661783,0.0,-0.0953233295272,5.16186051448,5.00004391586,0.104555596474,0.0515047660498,0.0,451.91038419914383,452.788825937306,453.6373688177848,453.41958090842724
3.3600000000000025,0.21393343379,4.87007373899,21.7526488604,0.387081589925,0.047397124525,0.0,-0.127379903551,5.41310450198,5.06696941274,0.0864424069164,0.037339190219,0.0,480.7308117489401,479.6571428938794,480.8227760896067,479.45585260693616
3.4200000000000026,0.205455362337,5.20108615182,22.0552911419,0.392486001699,0.0493245382921,0.0,-0.155388101397,5.62074235079,5.02072560468,0.0964897926424,0.0188439582309,0.0,446.22162388638634,444.7092003314626,444.8623843441503,445.69126659667177
3.4800000000000026,0.195369474853,5.54381206957,22.3532302324,0.398993576681,0.0503892285737,0.0,-0.180893036068,5.80370832384,4.91054421132,0.125411919633,0.0154508027552,0.0,424.0876348250864,423.79594633230863,422.59331637314114,425.09023439493865
3.5400000000000027,0.183665345314,5.89812829615,22.645854403,0.406046619484,0.0513980782184,0.0,-0.209310291915,6.00708727515,4.84321441668,0.0932032877085,0.0194100945766,0.0,438.53861078003274,438.86736932978266,441.12402430682596,438.467559560958
3.6000000000000028,0.170166040865,6.26526156173,22.935702589,0.411649940755,0.0529421889332,0.0,-0.240762023477,6.23070716754,4.81782288017,0.0937566645332,0.0360707804162,0.0,452.99750105096626,454.3357005681231,455.1162720589191,455.1677200360644
3.660000000000003,0.154775115848,6.64565191251,23.2235395916,0.417630864104,0.0559189641598,0.0,-0.272476020729,6.44901148469,4.77624528407,0.109467629711,0.0681269857777,0.0,449.4293387597393,452.02208392358676,449.0569745882081,450.33825847045154
3.720000000000003,0.137399838227,7.03935950977,23.5092428018,0.424117211903,0.0599039028113,0.0,-0.307027731778,6.67462350606,4.74655245201,0.105235308608,0.0627541788325,0.0,455.23434980363663,454.80727571128523,456.06957054358304,455.74126850393674
3.780000000000003,0.118136565273,7.44491639784,23.7892949389,0.430406502415,0.0635856858493,0.0,-0.33535364754,6.84418508569,4.58872558706,0.103981515009,0.0584260049466,0.0,411.30367069931197,410.92307122354896,411.41339646833046,411.31289310765914
3.840000000000003,0.0968099252668,7.86269925371,24.0642699474,0.436993754776,0.0683009456674,0.0,-0.375880843817,7.08186358096,4.57632160016,0.119407551588,0.102619244946,0.0,459.97694545746333,463.4684791001829,462.5285879162047,463.75217359744295
3.900000000000003,0.0729307705002,8.29495574428,24.3388022543,0.444818864878,0.0742546531562,0.0,-0.420600314295,7.32667880547,4.57378677624,0.146365482371,0.091404700384,0.0,467.59442082785995,466.7276306411463,466.9779595578427,469.09083261806535
3.960000000000003,0.046541237097,8.74035739036,24.6097424619,0.453287902254,0.0792741442375,0.0,-0.459442938781,7.52030090984,4.45728445277,0.127890933181,0.0599150576291,0.0,431.4938808395299,428.8320782860179,431.08978548497674,429.54441717252
4.020000000000002,0.0175541798352,9.19850573607,24.8758598156,0.461096726279,0.083123922483,0.0,-0.507065116143,7.75133658624,4.41256113139,0.134311273223,0.0715307616987,0.0,455.8825174167506,456.8128317034375,455.9195747591285,456.4474065023434
4.080000000000001,-0.0146962991843,9.67236406893,25.1428373609,0.469471014958,0.0870084544249,0.0,-0.568260017306,8.04372347412,4.485038354,0.148421923746,0.0455465080474,0.0,498.1404452512157,496.23866901120834,495.8309601448014,496.88250661451895
4.14,-0.0505484660064,10.1631009037,25.4126013719,0.47803346607,0.0904277963371,0.0,-0.627007364582,8.31406070215,4.50572553801,0.127725082039,0.0734011659345,0.0,481.36808514019685,483.4737382923854,485.65386819403477,484.11543649474197
4.199999999999998,-0.0896981326494,10.6686272527,25.6806474213,0.485699984416,0.0947298512405,0.0,-0.67828976741,8.53680054646,4.42854594275,0.127875460325,0.0680650627726,0.0,452.9945336926546,452.5689444055212,453.9423805346885,453.96898008367157
4.259999999999997,-0.132032111602,11.1877432013,25.9443768084,0.493383453335,0.0989167650086,0.0,-0.733126798378,8.76698924484,4.36173285078,0.128419677877,0.0730100568847,0.0,458.9823247003243,459.37826000983824,457.6305073966941,457.688294691131
4.319999999999996,-0.177698911913,11.7205727914,26.2038040178,0.501735997932,0.104185037947,0.0,-0.789441835725,8.99394016158,4.28515102452,0.154917023906,0.107478060865,0.0,455.6909286223428,458.4445342655496,455.18570737212985,457.3188817795673
4.379999999999995,-0.22723173889,12.2688741866,26.4618648294,0.51163076399,0.110255660247,0.0,-0.862114157846,9.28250628992,4.31515344443,0.179744949972,0.083989851963,0.0,495.31699357489714,493.5935827560841,493.9755910002709,495.8260127277031
4.439999999999993,-0.280934454466,12.8332456454,26.7192481947,0.52305188512,0.11495847924,0.0,-0.928280477745,9.52988836499,4.26305934055,0.205856713029,0.0637582262044,0.0,471.7857822072263,470.22497435254144,469.96402787334193,472.0165827582909
4.499999999999992,-0.337986707484,13.4095620586,26.9682357739,0.535238236347,0.118571784477,0.0,-0.973709322856,9.68114778223,4.03665100791,0.196953843964,0.0520002017087,0.0,410.42134568510795,409.37886940665754,408.770147463214,408.0200893524162
4.559999999999991,-0.398160070474,13.9965377034,27.2061626663,0.547095489732,0.121471163358,0.0,-1.03223121144,9.88491426623,3.89365714571,0.198920558916,0.0397131863434,0.0,441.2669324716371,440.25251270431346,441.7223123681333,441.92295690522695
4.6199999999999894,-0.461596083048,14.5945953634,27.4334556849,0.558895970272,0.12456043956,0.0,-1.08248144248,10.0507003734,3.68273490373,0.19176405064,0.0682463037749,0.0,415.3637039760214,417.8612844917629,416.539724251532,415.9537980152248
4.679999999999988,-0.528161308784,15.2029697384,27.6485636223,0.570621354551,0.128242813232,0.0,-1.13659702184,10.2287024688,3.48733298081,0.201877613524,0.0418097078295,0.0,423.8933239892407,421.6172352373783,422.3415023211376,423.25252267292706
4.739999999999987,-0.59843144822,15.823826031,27.8546154061,0.58321025475,0.130778422593,0.0,-1.20581387048,10.4664982595,3.38000452425,0.222218042766,0.0431459230778,0.0,457.7454935473489,457.8527625298411,455.93909888220577,457.6033899526535
4.799999999999986,-0.67283577213,16.4588119022,28.0537981326,0.596152964784,0.133462509602,0.0,-1.27440573837,10.6997198531,3.25836360802,0.197733099242,0.0477360024249,0.0,454.817619345991,455.1863211234731,455.35109203455966,453.4316639200739
4.859999999999984,-0.751014095094,17.1062885934,28.2432813962,0.608059984302,0.136047101788,0.0,-1.33168141788,10.8830021562,3.05747389308,0.199845236029,0.0315876005482,0.0,427.08442257065377,425.7053760624974,426.02385249933724,426.2448531904571
4.919999999999983,-0.832724819065,17.7650922861,28.4210795624,0.621006668825,0.138445583125,0.0,-1.39209393374,11.0772339773,2.8686614576,0.236439995074,0.0529443358546,0.0,430.8137619756818,432.6173334277584,430.6529007208669,433.78415557554854
4.979999999999982,-0.918442905282,18.437084623,28.589536545,0.635216889655,0.141825985318,0.0,-1.46525850346,11.3224031471,2.74528434325,0.237617904042,0.062386012672,0.0,459.3048537246331,460.0553571953926,458.82269383993776,458.9702391312791
5.0399999999999805,-1.00824214987,19.1224027565,28.7484960906,0.649842271097,0.14528964504,0.0,-1.52819221967,11.5216254794,2.55265399566,0.253822560937,0.0462441035236,0.0,434.9028669732896,433.5505002527881,435.4889026294936,436.9030275450044
